tree
version=v4
num_class=1
num_tree_per_iteration=1
label_index=0
max_feature_idx=8
objective=binary sigmoid:1
feature_names=Column_0 Column_1 Column_2 Column_3 Column_4 Column_5 Column_6 Column_7 Column_8
feature_infos=[-1:1] [-1:1] [0:15.026278495788574] [-8.5566978454589844:7.8358535766601562] [3.8246984331635758e-05:0.0052674761973321438] [6.2230925559997559:94.223381042480469] [0:1] [0:1] [0.0099999997764825821:1]
tree_sizes=900 907 911 906 911 912 905 908 912 909 908 911 904 910 908 906 911 917 914 910 913 916 906 911 920 914 914 910 912 916 913 917 921 914 922 920 912 915 910 925 919 916 919 918 914 916 916 920 916 914

Tree=0
num_leaves=7
num_cat=0
split_feature=1 0 3 2 1 0
split_gain=1695.34 2693.6 690.663 1150.99 695.287 423.124
threshold=-0.71473535895347584 0.4904943853616715 -0.24129600077867505 0.194383479654789 -0.52803644537925709 0.61734244227409374
decision_type=2 2 2 2 2 2
left_child=1 -1 3 -2 -4 -3
right_child=2 5 4 -5 -6 -7
leaf_value=-0.41637890861401483 -0.37912597854243202 -0.43622739042242931 -0.42639747603131228 -0.40915864702850552 -0.41273530756688959 -0.45718930435613492
leaf_weight=51882.250802278519 3326.8964144736528 5925.6605380028486 10258.470999106765 77642.852201610804 101198.7948102504 4053.6470161378384
leaf_count=180069 10670 21398 36331 265513 348626 15239
internal_value=-0.413754 -0.420955 -0.411439 -0.407924 -0.413993 -0.444743
internal_weight=254289 61861.6 192427 80969.7 111457 9979.31
internal_count=877846 216706 661140 276183 384957 36637
is_linear=0
shrinkage=1


Tree=1
num_leaves=7
num_cat=0
split_feature=1 0 3 2 1 0
split_gain=1509.75 2420.04 613.433 1014.97 620.044 337.462
threshold=-0.71473535895347584 0.50938662886619579 -0.24129600077867505 0.194383479654789 -0.52803644537925709 0.63435554504394542
decision_type=2 2 2 2 2 2
left_child=1 -1 3 -2 -4 -3
right_child=2 5 4 -5 -6 -7
leaf_value=0.018581482566841282 0.053635545843750777 -0.002200918331530632 0.0093429649026446401 0.025591233386099949 0.022229565103100715 -0.02232903907478832
leaf_weight=52947.114769548178 3365.3284632116556 5893.455485060811 10279.966289043427 78082.204479217529 101697.71433758736 3219.3924598246813
leaf_count=183100 10670 21394 36331 265513 348626 12212
internal_value=0.0212714 0.0144853 0.0234486 0.0267506 0.0210466 -0.00931346
internal_weight=255485 62060 193425 81447.5 111978 9112.85
internal_count=877846 216706 661140 276183 384957 33606
is_linear=0
shrinkage=0.05


Tree=2
num_leaves=7
num_cat=0
split_feature=1 0 3 1 6 0
split_gain=1346.59 2182.16 546.173 553.713 540.766 350.91
threshold=-0.71473535895347584 0.4904943853616715 -0.24129600077867505 -0.52803644537925709 1.0000000180025095e-35 0.61734244227409374
decision_type=2 2 2 2 2 2
left_child=1 -1 4 -4 -2 -3
right_child=2 5 3 -5 -6 -7
leaf_value=0.017802609487215244 0.064888043088528594 -1.4323517863545352e-05 0.0088581931437819207 0.021022817393271057 0.024860707305581764 -0.019153219294718832
leaf_weight=52293.958133071661 852.0809161812067 5926.6080532371998 10299.943133428693 102146.66068784893 81018.948394328356 4018.1485577076674
leaf_count=180069 2607 21398 36331 348626 273576 15239
internal_value=0.0201209 0.0137199 0.022171 0.0199086 0.0252781 -0.00774848
internal_weight=256556 62238.7 194318 112447 81871 9944.76
internal_count=877846 216706 661140 384957 276183 36637
is_linear=0
shrinkage=0.05


Tree=3
num_leaves=7
num_cat=0
split_feature=1 0 2 0 1 1
split_gain=1202.65 1969.67 466.19 397.536 190.388 109.257
threshold=-0.71473535895347584 0.45201864838600164 0.12024153396487237 0.60003554821014415 -0.52803644537925709 -0.39271505177021021
decision_type=2 2 2 2 2 2
left_child=1 -1 5 -3 -4 -2
right_child=2 3 4 -5 -6 -7
leaf_value=0.017260810758397156 0.042062256498049976 0.0022433426225568877 0.015616759099421014 -0.01648450348059266 0.021122497194330767 0.020247509123481555
leaf_weight=50723.788682371378 3182.7490732520819 6838.4212507456541 17275.601567581296 4837.3049230277538 173955.09850224853 703.74920162558556
leaf_count=173920 10202 24474 59510 18312 589054 2374
internal_value=0.0190415 0.0129989 0.0209738 -0.00551643 0.0206252 0.0381184
internal_weight=257517 62399.5 195117 11675.7 191231 3886.5
internal_count=877846 216706 661140 42786 648564 12576
is_linear=0
shrinkage=0.05


Tree=4
num_leaves=7
num_cat=0
split_feature=1 0 3 2 1 0
split_gain=1075.34 1769.26 483.439 987.417 428.285 365.758
threshold=-0.71473535895347584 0.45201864838600164 -0.5257405936717986 0.21523742377758029 -0.52803644537925709 0.63435554504394542
decision_type=2 2 2 2 2 2
left_child=1 -1 3 -2 -4 -3
right_child=2 5 4 -5 -6 -7
leaf_value=0.016344533314373685 0.051441111237790431 0.0001695109225101591 0.0091846633465921864 0.021994092233933296 0.019000050110147704 -0.019721718680064615
leaf_weight=50884.769864156842 2979.9907485097647 8484.4589347243309 12283.077571302652 63553.166911959648 117019.21502234042 3175.2100689411163
leaf_count=173920 9189 30574 42832 213161 395958 12212
internal_value=0.0180272 0.0123191 0.0198501 0.0233138 0.0180677 -0.00524858
internal_weight=258380 62544.4 195835 66533.2 129302 11659.7
internal_count=877846 216706 661140 222350 438790 42786
is_linear=0
shrinkage=0.05


Tree=5
num_leaves=7
num_cat=0
split_feature=1 1 4 3 2 1
split_gain=867.073 604.984 708.038 489.12 682.236 578.7
threshold=-0.71473535895347584 -0.89194178581237782 0.00028593634488061076 -0.024827356450259682 0.21523742377758029 -0.50938662886619557
decision_type=2 2 2 2 2 2
left_child=1 -1 -3 4 -2 -5
right_child=3 2 -4 5 -6 -7
leaf_value=0.015913000180661805 0.040559597270819758 -0.0090776453321481602 0.010734447763276896 0.004708681426811862 0.020404069975793415 0.017574331172323439
leaf_weight=38380.29254578054 4400.7385025173426 6000.1450945585966 18144.143350049853 9669.1187960803509 91421.388667523861 91081.497094035149
leaf_count=130688 13830 22215 63136 33985 306082 307607
internal_value=0.0171411 0.0120121 0.00581073 0.0187724 0.0213301 0.0163397
internal_weight=259097 62524.6 24144.3 196573 95822.1 100751
internal_count=877543 216039 85351 661504 319912 341592
is_linear=0
shrinkage=0.05


Tree=6
num_leaves=7
num_cat=0
split_feature=7 0 2 2 0 4
split_gain=643.543 938.945 788.615 53.577 41.7637 41.0399
threshold=1.0000000180025095e-35 0.43245348334312445 0.12024153396487237 0.12024153396487237 0.96863394975662243 0.00021699487115256491
decision_type=2 2 2 2 2 2
left_child=3 -2 -3 4 -1 -5
right_child=1 2 -4 5 -6 -7
leaf_value=0.030701283955691151 0.01578308373921786 0.030561768308094012 0.0010130144639416794 0.019580241751041987 0.0093732562643977814 0.017636608997870649
leaf_weight=1370.3679567724466 72681.389732301235 2533.4792014807463 20700.94678850472 34642.327394261956 277.00289842486382 127587.31466126442
leaf_count=4385 246390 8176 73910 115732 939 428011
internal_value=0.0162392 0.0129861 0.00423618 0.0181431 0.0271229 0.0180518
internal_weight=259793 95915.8 23234.4 163877 1647.37 162230
internal_count=877543 328476 82086 549067 5324 543743
is_linear=0
shrinkage=0.05


Tree=7
num_leaves=7
num_cat=0
split_feature=1 0 3 2 1 3
split_gain=722.144 1464.11 450.024 971.157 264.121 246.214
threshold=-0.71473535895347584 0.5464349389076234 -0.88615167140960682 0.23465447127819064 -0.52803644537925709 0.20204751938581469
decision_type=2 2 2 2 2 2
left_child=1 -1 3 -2 -4 -3
right_child=2 5 4 -5 -6 -7
leaf_value=0.013491079367327661 0.05234773415922124 -0.0024907452943141602 0.0090906356056397533 0.019440332488296023 0.016192470226117958 -0.021066609946122965
leaf_weight=55461.519391298294 2354.01202224195 4244.8892785310745 14515.977507531643 46911.763251006603 133859.30717520416 3076.1840103566647
leaf_count=188631 7063 15663 50037 155714 448690 11745
internal_value=0.0153888 0.0107169 0.0168728 0.0210137 0.0154977 -0.0102978
internal_weight=260424 62782.6 197641 49265.8 148375 7321.07
internal_count=877543 216039 661504 162777 498727 27408
is_linear=0
shrinkage=0.05


Tree=8
num_leaves=7
num_cat=0
split_feature=1 0 6 0 4 2
split_gain=648.208 1318.54 271.666 166.739 163.756 122.822
threshold=-0.71473535895347584 0.5464349389076234 1.0000000180025095e-35 0.41268247365951544 0.00028770601784344768 0.12024153396487237
decision_type=2 2 2 2 2 2
left_child=1 3 -2 -1 -3 -4
right_child=2 4 5 -5 -6 -7
leaf_value=0.013749034904933477 0.037311537492397073 -0.01689803080110094 0.025393696044794075 0.0049775387907398088 -0.0019017102091579295 0.015666890415499797
leaf_weight=49493.505926728249 1482.5034110546112 3849.8717020899057 3302.6225029826164 6085.5324347168207 3453.0349781215191 193311.13744856417
leaf_count=167305 4683 14698 10598 21326 12710 646223
internal_value=0.0145874 0.0101642 0.0159914 0.0127887 -0.00980855 0.0158304
internal_weight=260978 62881.9 198096 55579 7302.91 196614
internal_count=877543 216039 661504 188631 27408 656821
is_linear=0
shrinkage=0.05


Tree=9
num_leaves=7
num_cat=0
split_feature=1 0 2 0 4 1
split_gain=582.037 1196.04 234.174 228.207 170.66 123.012
threshold=-0.71473535895347584 0.58244305849075328 0.12024153396487237 0.43245348334312445 0.00028770601784344768 -0.52803644537925709
decision_type=2 2 2 2 2 2
left_child=1 3 -2 -1 -3 -4
right_child=2 4 5 -5 -6 -7
leaf_value=0.0129591215664714 0.027169565466072201 -0.020497286373544952 0.01091938297818594 0.0032651878378101976 -0.0029720507075587958 0.015309592597370754
leaf_weight=50475.852790400386 3977.739637747407 3017.1829726099968 17549.639765262604 6902.0716570913792 2574.3985288590193 176982.38430295885
leaf_count=170314 12637 11718 59693 24454 9553 589174
internal_value=0.0138307 0.00964192 0.0151593 0.0117931 -0.0124305 0.0149136
internal_weight=261479 62969.5 198510 57377.9 5591.58 194532
internal_count=877543 216039 661504 194768 21271 648867
is_linear=0
shrinkage=0.05


Tree=10
num_leaves=7
num_cat=0
split_feature=3 1 0 0 1 0
split_gain=554.557 695.516 1626.62 396.69 701.681 75.2552
threshold=-0.5257405936717986 -0.52803644537925709 0.47136868536472326 0.69930991530418407 -0.39271505177021021 0.60003554821014415
decision_type=2 2 2 2 2 2
left_child=3 2 -2 5 -5 -1
right_child=1 -3 -4 4 -6 -7
leaf_value=0.014731521049527175 0.011622620710078297 0.013575843963193283 -0.008427136900559986 0.036809647338751847 0.016703718911410835 0.0070263128872729815
leaf_weight=62550.327587887645 41916.837976396084 118661.08565066755 13332.975599572062 5920.7029468864202 16256.157539248466 3340.8457283079624
leaf_count=208236 141671 395573 48531 18479 53593 11753
internal_value=0.0130554 0.0114182 0.00678412 0.0162882 0.0220729 0.014341
internal_weight=261979 173911 55249.8 88068 22176.9 65891.2
internal_count=877836 585775 190202 292061 72072 219989
is_linear=0
shrinkage=0.05


Tree=11
num_leaves=7
num_cat=0
split_feature=1 0 3 2 1 3
split_gain=512.82 1020.15 349.641 532.429 392.886 234.366
threshold=-0.71473535895347584 0.58244305849075328 -0.024827356450259682 0.17192232608795169 -0.50938662886619557 0.087014380842447295
decision_type=2 2 2 2 2 2
left_child=1 -1 3 -2 -4 -3
right_child=2 5 4 -5 -6 -7
leaf_value=0.010433835712699678 0.034558020869449292 -0.0026164051336185212 0.0020520091997288719 0.015046866317706043 0.012594943751166546 -0.023219545433182838
leaf_weight=57697.928425148129 3632.099619820714 3038.5030577629805 9773.368751347065 93474.006719633937 92229.631925910711 2528.6482216566801
leaf_count=195288 11184 11365 33986 308813 307291 9909
internal_value=0.0123834 0.00846158 0.0136294 0.015777 0.0115848 -0.011977
internal_weight=262374 63265.1 199109 97106.1 102003 5567.15
internal_count=877836 216562 661274 319997 341277 21274
is_linear=0
shrinkage=0.05


Tree=12
num_leaves=7
num_cat=0
split_feature=3 2 1 0 3 0
split_gain=467.175 582.959 572.467 1407.43 308.461 118.092
threshold=-0.5257405936717986 0.194383479654789 -0.52803644537925709 0.47136868536472326 -1.4928808212280271 0.69930991530418407
decision_type=2 2 2 2 2 2
left_child=1 4 3 -2 -1 -3
right_child=2 5 -4 -5 -6 -7
leaf_value=0.055627720819256446 0.010531855154098338 0.012920169946648208 0.012200718730581922 -0.0081249758049438577 0.023295994317046105 0.017347084081018326
leaf_weight=1217.1141172945499 42036.701775997877 65695.088293090463 119025.2360548377 13308.100287735462 1877.4981492906809 19562.632443636656
leaf_count=3536 141671 218604 395573 48531 5942 63979
internal_value=0.0117481 0.0147102 0.0102471 0.00604561 0.036026 0.0139361
internal_weight=262722 88352.3 174370 55344.8 3094.61 85257.7
internal_count=877836 292061 585775 190202 9478 282583
is_linear=0
shrinkage=0.05


Tree=13
num_leaves=7
num_cat=0
split_feature=3 2 7 0 3 0
split_gain=425.327 422.959 417.889 1718.36 333.608 144.28
threshold=-0.024827356450259682 0.12024153396487237 1.0000000180025095e-35 0.56457334756851207 -1.1450840234756468 0.69930991530418407
decision_type=2 2 2 2 2 2
left_child=1 4 -2 -4 -1 -3
right_child=2 5 3 -5 -6 -7
leaf_value=0.051376343004385733 0.011277087902570484 0.011808733595163677 0.0094435588631836594 -0.016808305504473927 0.01719425244334127 0.015762865423044416
leaf_weight=1263.4103387147188 86341.694610223174 94606.857738599181 41312.667410597205 7340.2275320589542 1642.8288491219282 30526.540708884597
leaf_count=3679 286909 315114 139381 27452 5279 100022
internal_value=0.0111471 0.0132116 0.00918881 0.00548269 0.0320666 0.0127735
internal_weight=263034 128040 134995 48652.9 2906.24 125133
internal_count=877836 424094 453742 166833 8958 415136
is_linear=0
shrinkage=0.05


Tree=14
num_leaves=7
num_cat=0
split_feature=1 0 3 2 3 0
split_gain=408.237 830.235 272.125 674.563 186.995 183.753
threshold=-0.71473535895347584 0.60003554821014415 -0.90371298789978016 0.30186145007610327 -1.6368231773376463 0.45201864838600164
decision_type=2 2 2 2 2 2
left_child=1 5 3 -2 -3 -1
right_child=2 4 -4 -5 -6 -7
leaf_value=0.0097201019905673938 0.03851985599548164 0.019078042529137487 0.010635371053019291 0.013465633765223976 -0.016178062214689079 0.0010051046921752819
leaf_weight=51907.199302896857 2851.8994382023811 411.2666080892086 150803.80630496144 46188.067652642727 4304.0402738153934 6846.3826940953732
leaf_count=173952 8618 1468 501065 151591 16766 24376
internal_value=0.0105782 0.00708451 0.0116877 0.0149234 -0.0130997 0.0087046
internal_weight=263313 63468.9 199844 49040 4715.31 58753.6
internal_count=877836 216562 661274 160209 18234 198328
is_linear=0
shrinkage=0.05


Tree=15
num_leaves=7
num_cat=0
split_feature=3 1 6 1 3 3
split_gain=399.02 459.536 375.012 263.969 196.743 56.4658
threshold=0.1893180459737778 -0.49049438536167139 1.0000000180025095e-35 -0.9686339497566222 -1.998176574707031 -1.1450840234756468
decision_type=2 2 2 2 2 2
left_child=2 3 5 -2 -4 -1
right_child=1 -3 4 -5 -6 -7
leaf_value=0.054511377587946434 0.010454492870766215 0.0099550985176339903 0.016430243249663027 0.00076984870181700952 0.010829685475726946 0.031439850660881195
leaf_weight=439.47188879549503 9431.0569856762886 80433.790033012629 17897.724387213588 27697.881908476353 126840.36604960263 685.2508278042078
leaf_count=1271 31494 266836 58389 96356 420982 2150
internal_value=0.00999894 0.00783122 0.011746 0.00323004 0.0115223 0.0404952
internal_weight=263426 117563 145863 37128.9 144738 1124.72
internal_count=877478 394686 482792 127850 479371 3421
is_linear=0
shrinkage=0.05


Tree=16
num_leaves=7
num_cat=0
split_feature=1 0 6 4 0 5
split_gain=353.027 718.16 229.167 186.215 153.802 62.9705
threshold=-0.71473535895347584 0.60003554821014415 1.0000000180025095e-35 0.00026542566774878656 0.45201864838600164 39.695861816406257
decision_type=2 2 2 2 2 2
left_child=1 4 5 -3 -1 -2
right_child=2 3 -4 -5 -6 -7
leaf_value=0.0086782735604560915 0.011495939221854667 -0.023019861466955945 0.010373645905884465 -0.0031172409578343529 0.00071550498239924859 0.035752150531061226
leaf_weight=51863.813131794333 351.2219193726778 2229.9097236692905 198724.21787153184 2484.4604497551918 6867.359316855669 1139.2799997031689
leaf_count=173504 1153 8875 656617 9381 24416 3532
internal_value=0.00949032 0.00624003 0.0105203 -0.0125341 0.00774723 0.030048
internal_weight=263660 63445.5 200215 4714.37 58731.2 1490.5
internal_count=877478 216176 661302 18256 197920 4685
is_linear=0
shrinkage=0.05


Tree=17
num_leaves=7
num_cat=0
split_feature=1 0 6 4 0 2
split_gain=317.945 648.639 206.794 170.058 138.561 61.5068
threshold=-0.71473535895347584 0.60003554821014415 1.0000000180025095e-35 0.00026542566774878656 0.45201864838600164 0.12024153396487237
decision_type=2 2 2 2 2 2
left_child=1 4 -2 -3 -1 -4
right_child=2 3 5 -5 -6 -7
leaf_value=0.0082367172960038631 0.028530451960112925 -0.022021197787479071 0.016628523544551056 -0.0029639763593093636 0.00067964000290694456 0.0097323610036565682
leaf_weight=51910.742480292916 1491.347404435277 2214.9196684062481 3288.768858358264 2482.3893767744303 6868.2927920818329 195602.37855911255
leaf_count=173504 4685 8875 10512 9381 24416 646105
internal_value=0.00900879 0.00592484 0.00998567 -0.0119528 0.0073537 0.00984648
internal_weight=263859 63476.3 200382 4697.31 58779 198891
internal_count=877478 216176 661302 18256 197920 656617
is_linear=0
shrinkage=0.05


Tree=18
num_leaves=7
num_cat=0
split_feature=3 2 1 3 2 4
split_gain=363.256 460.294 357.045 212.038 201.864 80.4882
threshold=-0.76989129185676564 0.21523742377758029 -0.52803644537925709 -1.7663838863372801 0.48967067897319799 0.00054961253772489737
decision_type=2 2 2 2 2 2
left_child=1 3 4 -1 -2 -3
right_child=2 5 -4 -5 -6 -7
leaf_value=0.050733936530535699 -0.0014016649536115683 0.011824387281154054 0.0088933260512644094 0.021479225603288452 0.0057210642246153772 0.0079709776531835877
leaf_weight=954.3635617941618 12493.433016628027 50572.412016049027 130915.39389494061 1769.7912441045046 48802.391770780087 18525.213138207793
leaf_count=2780 43512 166103 432345 5569 165875 61294
internal_value=0.00855251 0.0115865 0.00741876 0.031743 0.0042693 0.0107914
internal_weight=264033 71821.8 192211 2724.15 61295.8 69097.6
internal_count=877478 235746 641732 8349 209387 227397
is_linear=0
shrinkage=0.05


Tree=19
num_leaves=7
num_cat=0
split_feature=3 1 0 6 3 3
split_gain=340.545 352.285 1199.01 287.086 165.107 48.1953
threshold=0.1893180459737778 -0.49049438536167139 0.58244305849075328 1.0000000180025095e-35 -1.998176574707031 -1.1450840234756468
decision_type=2 2 2 2 2 2
left_child=3 2 -2 5 -5 -1
right_child=1 -3 -4 4 -6 -7
leaf_value=0.048022168459130266 0.0059651687993265892 0.0079762794933990275 -0.018718186783935734 0.014026142748310872 0.0089032109250374407 0.026636312120891827
leaf_weight=432.97487716376781 31384.31601165235 80695.203946366906 5833.4767187535763 17950.135379552841 127212.02543318272 686.9825451374054
leaf_count=1271 105901 266836 21949 58389 420982 2150
internal_value=0.0081198 0.00612025 0.00209593 0.00973151 0.00953678 0.0349395
internal_weight=264195 117913 37217.8 146282 145162 1119.96
internal_count=877478 394686 127850 482792 479371 3421
is_linear=0
shrinkage=0.05


Tree=20
num_leaves=7
num_cat=0
split_feature=3 1 2 2 3 8
split_gain=255.938 325.565 302.925 253.03 252.006 106.529
threshold=-0.076322972774505601 -0.49049438536167139 0.12024153396487237 0.45435079932212835 -1.4928808212280271 0.57499998807907116
decision_type=2 2 2 2 2 2
left_child=2 3 4 -2 -1 -4
right_child=1 -3 5 -5 -6 -7
leaf_value=0.047321822389068659 -0.0058908107005844895 0.0078861730845245417 0.010176757852065225 0.0043551226599845031 0.015226945567034137 0.0071566690276321961
leaf_weight=903.73442144691944 7169.6811987310648 94945.043877884746 73080.884158194065 37739.922491773963 1892.878968462348 48650.842608094215
leaf_count=2652 25412 313537 240234 128534 6036 161255
internal_value=0.00769509 0.00622704 0.00934377 0.0027193 0.0256117 0.00896983
internal_weight=264383 139855 124528 44909.6 2796.61 121732
internal_count=877660 467483 410177 153946 8688 401489
is_linear=0
shrinkage=0.05


Tree=21
num_leaves=7
num_cat=0
split_feature=3 1 0 2 3 4
split_gain=232.752 290.135 1245.28 230.786 305.556 82.612
threshold=0.1893180459737778 -0.50938662886619557 0.58244305849075328 0.14600227773189547 -1.4928808212280271 0.00036197474400978541
decision_type=2 2 2 2 2 2
left_child=3 2 -2 4 -1 -5
right_child=1 -3 -4 5 -6 -7
leaf_value=0.044456411796231499 0.0058295674925663002 0.0073088507346204803 -0.020063420808291765 0.0096007577099988112 0.012303382532440522 0.0071883349122705891
leaf_weight=1003.2514367550611 30915.789855182171 81698.812627509236 5463.1454362571239 66569.020635470748 2801.4830961078405 76058.041573554277
leaf_count=2973 104159 269792 20817 219429 9052 251438
internal_value=0.00730678 0.00565499 0.00194069 0.00863868 0.0207911 0.00831436
internal_weight=264510 118078 36378.9 146432 3804.73 142627
internal_count=877660 394768 124976 482892 12025 470867
is_linear=0
shrinkage=0.05


Tree=22
num_leaves=7
num_cat=0
split_feature=3 2 1 3 3 1
split_gain=223.243 360.196 192.604 193.618 71.3937 40.1315
threshold=-1.998176574707031 0.36403863131999975 -0.52803644537925709 0.27757105231285101 1.5885910391807558 -0.39271505177021021
decision_type=2 2 2 2 2 2
left_child=1 5 3 -2 -4 -1
right_child=2 -3 4 -5 -6 -7
leaf_value=0.045238485817243768 0.0066255413567909358 0.010543334226216155 0.0079101182936790176 0.0016038559979145912 0.0048985612980829291 0.019318183804433623
leaf_weight=864.63616351783276 45402.577883094549 17139.521638065577 144987.89456745982 33254.628977552056 22777.641750976443 183.07550799846649
leaf_count=2583 152354 55927 476362 114336 75519 579
internal_value=0.0069387 0.0122846 0.0065441 0.00450252 0.00750127 0.040732
internal_weight=264610 18187.2 246423 78657.2 167766 1047.71
internal_count=877660 59089 818571 266690 551881 3162
is_linear=0
shrinkage=0.05


Tree=23
num_leaves=7
num_cat=0
split_feature=3 2 1 0 3 1
split_gain=201.599 329.309 176.265 589.163 73.4881 29.6691
threshold=-1.998176574707031 0.30186145007610327 -0.71473535895347584 0.60003554821014415 -0.024827356450259682 -0.39271505177021021
decision_type=2 2 2 2 2 2
left_child=1 5 3 -2 -4 -1
right_child=2 -3 4 -5 -6 -7
leaf_value=0.044937380225540169 0.0052571954178740705 0.010140926951914478 0.0080807531760821311 -0.013675081458312017 0.0060825804623438695 0.018163458317060361
leaf_weight=768.92853282392025 55865.284117072821 17299.436943009496 83176.820827901363 4434.6304840743542 103046.21519869566 121.71969883143902
leaf_count=2299 187546 56406 272268 17364 341393 384
internal_value=0.00658917 0.0116689 0.0062143 0.00386466 0.00697511 0.0413028
internal_weight=264713 18190.1 246523 60299.9 186223 890.648
internal_count=877660 59089 818571 204910 613661 2683
is_linear=0
shrinkage=0.05


Tree=24
num_leaves=7
num_cat=0
split_feature=1 0 4 6 0 2
split_gain=180.229 484.105 149.17 147.01 119.521 38.3653
threshold=-0.71473535895347584 0.60003554821014415 0.00028770601784344768 1.0000000180025095e-35 0.33172981441020971 0.12024153396487237
decision_type=2 2 2 2 2 2
left_child=1 4 -3 -2 -1 -5
right_child=3 2 -4 5 -6 -7
leaf_value=0.0063193377780921406 0.022698856346353224 -0.019766793543622745 -0.0018049387083930394 0.012256471050991794 0.0007787100839135269 0.0067859122218232957
leaf_weight=46691.267794027925 1477.9014358520508 2533.8559838086367 2125.2081850022078 3258.7058128863573 12297.219912454486 196406.11201575398
leaf_count=155279 4705 10188 8023 10503 42480 646482
internal_value=0.00625784 0.00393877 -0.0115757 0.00699163 0.00516433 0.00687526
internal_weight=264790 63647.6 4659.06 201143 58988.5 199665
internal_count=877660 215970 18211 661690 197759 656985
is_linear=0
shrinkage=0.05


Tree=25
num_leaves=7
num_cat=0
split_feature=3 2 0 7 3 0
split_gain=215.353 413.143 158.874 644.147 76.0463 54.821
threshold=-1.0863305926322935 0.23465447127819064 0.39271505177021032 1.0000000180025095e-35 -2.3870574235916133 0.69930991530418407
decision_type=2 2 2 2 2 2
left_child=1 4 -2 -4 -1 -3
right_child=2 5 3 -5 -6 -7
leaf_value=0.047751546201273212 0.0063523998477262276 0.0070870458044422803 0.0061724985018589669 -0.0041471254279725348 0.025306690666830018 0.011031028811582128
leaf_weight=497.81040433049202 132767.29838357866 39545.734792098403 58901.348842337728 20343.691412389278 1581.3300933539867 11342.327890098095
leaf_count=1486 438646 130044 193700 72445 4934 36683
internal_value=0.00600746 0.00885929 0.00529495 0.00352324 0.0307011 0.00796631
internal_weight=264980 52967.2 212012 79245 2079.14 50888.1
internal_count=877938 173147 704791 266145 6420 166727
is_linear=0
shrinkage=0.05


Tree=26
num_leaves=7
num_cat=0
split_feature=1 1 4 6 2 5
split_gain=160.422 165.733 367.392 143.377 95.8759 45.4764
threshold=-0.71473535895347584 -0.77296444773674 0.00026728739612735813 1.0000000180025095e-35 0.28660970926284796 39.695861816406257
decision_type=2 2 2 2 2 2
left_child=1 4 -3 5 -1 -2
right_child=3 2 -4 -5 -6 -7
leaf_value=-0.0059092005818527603 0.0060422554509460677 -0.025411445855306691 0.0024545053410210977 0.0062840019719190817 0.0048018941294477747 0.026880838075756527
leaf_weight=2171.073548913002 342.65547426044941 1532.2389658242464 5174.8941091001034 199820.51482567191 54876.99497307837 1118.2469761520624
leaf_count=7711 1133 6294 18021 657036 184217 3526
internal_value=0.00570586 0.00352006 -0.00391429 0.00639818 0.00439417 0.0220006
internal_weight=265037 63755.2 6707.13 201281 57048.1 1460.9
internal_count=877938 216243 24315 661695 191928 4659
is_linear=0
shrinkage=0.05


Tree=27
num_leaves=7
num_cat=0
split_feature=3 2 7 2 4 3
split_gain=193.85 376.279 122.138 123.295 74.229 61.754
threshold=-1.0863305926322935 0.194383479654789 1.0000000180025095e-35 0.5777384638786317 0.00058397991233505319 -2.3870574235916133
decision_type=2 2 2 2 2 2
left_child=1 5 -2 -4 -3 -1
right_child=2 4 3 -5 -6 -7
leaf_value=0.046744869309043383 0.0056632983432337355 0.0084100120547006395 -0.00015996079453132241 0.0043543380814193983 0.0039468979899843085 0.025290188136652143
leaf_weight=453.6368456184864 133604.79624612629 38967.0150141716 20453.245957180858 58063.006982937455 12246.867961019278 1308.3615028858185
leaf_count=1372 439172 127305 70346 195273 40388 4082
internal_value=0.00541927 0.00812484 0.00474353 0.00317839 0.00734284 0.0308372
internal_weight=265097 52975.9 212121 78516.3 51213.9 1762
internal_count=877938 173147 704791 265619 167693 5454
is_linear=0
shrinkage=0.05


Tree=28
num_leaves=7
num_cat=0
split_feature=6 1 0 5 4 5
split_gain=139.55 127.185 422.473 40.9854 34.1671 28.8365
threshold=1.0000000180025095e-35 -0.52803644537925709 0.45201864838600164 39.695861816406257 0.00021699487115256491 34.668222427368171
decision_type=2 2 2 2 2 2
left_child=3 2 -2 5 -3 -1
right_child=1 4 -4 -5 -6 -7
leaf_value=0.016531988171063012 0.0054609651007900698 0.0071703898292421221 -0.0028868014394356546 0.025225656120702294 0.0054578428888092164 -0.013433455795431766
leaf_weight=215.33030252158642 62400.591017112136 36474.834213018417 20018.047444283962 1113.8681007176638 144799.59177647531 126.74988126754761
leaf_count=697 207251 119237 71408 3526 475383 436
internal_value=0.00514731 0.00506203 0.00343343 0.0205797 0.00580247 0.00542219
internal_weight=265149 263693 82418.6 1455.95 181274 342.08
internal_count=877938 873279 278659 4659 594620 1133
is_linear=0
shrinkage=0.05


Tree=29
num_leaves=7
num_cat=0
split_feature=3 0 7 6 3 3
split_gain=184.738 213.55 804.212 182.829 92.0541 32.2076
threshold=0.23849961161613467 0.39271505177021032 1.0000000180025095e-35 1.0000000180025095e-35 -1.998176574707031 -1.2947590351104734
decision_type=2 2 2 2 2 2
left_child=3 -2 -3 5 -5 -1
right_child=1 2 -4 4 -6 -7
leaf_value=0.038801150884304338 0.0049835414491178464 0.0041608395672117875 -0.012877761932405658 0.0092479736834256109 0.0054314384313131339 0.020415515778311612
leaf_weight=351.80318124592304 73624.999691143632 32021.245952755213 8835.3894225656986 17956.272763267159 131652.6830753386 752.02359250187874
leaf_count=1096 243507 105573 32752 58325 434319 2366
internal_value=0.00488909 0.00337488 0.000475958 0.00603926 0.00588956 0.0263051
internal_weight=265194 114482 40856.6 150713 149609 1103.83
internal_count=877938 381832 138325 496106 492644 3462
is_linear=0
shrinkage=0.05


Tree=30
num_leaves=7
num_cat=0
split_feature=3 0 1 6 2 3
split_gain=180.016 199.995 714.768 165.245 87.2301 26.9483
threshold=0.27757105231285101 0.39271505177021032 -0.50938662886619557 1.0000000180025095e-35 0.12024153396487237 -1.2947590351104734
decision_type=2 2 2 2 2 2
left_child=3 -2 -3 5 -5 -1
right_child=1 2 -4 4 -6 -7
leaf_value=0.036531695467939086 0.0046157028139087748 -0.012655937454579486 0.0036995468435052446 0.014377027202771404 0.0053762567151244564 0.01962556317717977
leaf_weight=340.79245765507221 71556.051949054003 8505.6977416276932 31107.533593207598 2740.3768413960934 150095.78109064698 781.22851777076721
leaf_count=1075 236660 31647 102600 8804 494526 2463
internal_value=0.00457108 0.0030378 0.000187489 0.00567819 0.00553773 0.0247884
internal_weight=265127 111169 39613.2 153958 152836 1122.02
internal_count=877775 370907 134247 506868 503330 3538
is_linear=0
shrinkage=0.05


Tree=31
num_leaves=7
num_cat=0
split_feature=1 0 4 0 2 1
split_gain=99.9011 363.453 137.306 106.215 88.7038 40.7962
threshold=-0.71473535895347584 0.63435554504394542 0.00021134878625161949 0.41268247365951544 0.060426848009228713 -0.22706275433301923
decision_type=2 2 2 2 2 2
left_child=1 3 -3 -1 5 -2
right_child=4 2 -4 -5 -6 -7
leaf_value=0.0044081352770787476 0.017145580734293456 -0.031119644176487406 -0.0075613912328446747 -0.0011642926215455222 0.0047829581865899036 -0.011828853935923409
leaf_weight=50516.426408186555 1897.4549231380224 860.54526662826538 2196.083901271224 10293.460779607296 199254.94118925929 129.11067494750023
leaf_count=167608 6095 3633 8591 36573 654839 436
internal_value=0.00434217 0.00261914 -0.0142019 0.00346487 0.00488887 0.0152947
internal_weight=265148 63866.5 3056.63 60809.9 201282 2026.57
internal_count=877775 216405 12224 204181 661370 6531
is_linear=0
shrinkage=0.05


Tree=32
num_leaves=7
num_cat=0
split_feature=3 2 0 1 4 1
split_gain=164.877 301.782 123.656 479.937 77.9622 65.2098
threshold=-1.0863305926322935 0.194383479654789 0.41268247365951544 -0.52803644537925709 0.00083961544441990565 -0.24825246632099149
decision_type=2 2 2 2 2 2
left_child=1 5 -2 -4 -3 -1
right_child=2 4 3 -5 -6 -7
leaf_value=0.030017645779165266 0.0044186031888753443 0.0064917569393337041 -0.0050375396801475144 0.0041358268132559552 -0.00079702095842010094 -0.0060329277252523569
leaf_weight=1590.0078560709953 134507.04774048924 47308.357845038176 18818.124820947647 58832.338568031788 3976.9133072346449 135.84367574751377
leaf_count=4991 443649 154599 67586 193291 13209 450
internal_value=0.00412469 0.00661892 0.00350144 0.00191268 0.00592654 0.0271782
internal_weight=265169 53011.1 212158 77650.5 51285.3 1725.85
internal_count=877775 173249 704526 260877 167808 5441
is_linear=0
shrinkage=0.05


Tree=33
num_leaves=7
num_cat=0
split_feature=1 0 4 0 2 1
split_gain=84.4092 317.855 126.544 82.9752 76.615 36.0369
threshold=-0.71473535895347584 0.63435554504394542 0.00021134878625161949 0.45201864838600164 0.060426848009228713 -0.2693240344524383
decision_type=2 2 2 2 2 2
left_child=1 3 -3 -1 5 -2
right_child=4 2 -4 -5 -6 -7
leaf_value=0.0038658503375375861 0.015909759514132902 -0.029798429914296223 -0.0070767173057690218 -0.0014679795068949591 0.0043226147129770392 -0.01071385336396297
leaf_weight=52357.422658205032 1881.2629095464945 850.50982122123241 2189.0720756202936 8470.5149191468954 199293.94261327386 135.62965409457684
leaf_count=173726 6074 3633 8591 30455 654839 457
internal_value=0.00391833 0.00233451 -0.0134422 0.00312308 0.00442079 0.014115
internal_weight=265178 63867.5 3039.58 60827.9 201311 2016.89
internal_count=877775 216405 12224 204181 661370 6531
is_linear=0
shrinkage=0.05


Tree=34
num_leaves=7
num_cat=0
split_feature=3 6 1 1 4 3
split_gain=157.124 144.365 140.503 125.056 76.5223 41.2465
threshold=0.27757105231285101 1.0000000180025095e-35 -0.49049438536167139 -0.9686339497566222 0.00036197474400978541 1.5885910391807558
decision_type=2 2 2 2 2 2
left_child=1 -1 3 -2 -3 -4
right_child=2 4 5 -5 -6 -7
leaf_value=0.022706300772475582 0.0047694138913995246 0.0058068372890448432 0.004237593449883021 -0.0021033579136754631 0.0035661120471650199 0.0016874869385606181
leaf_weight=1111.139461144805 8892.9253517240286 72299.453389793634 53988.464359775186 25873.243014827371 80572.408392980695 22452.98830203712
leaf_count=3538 29469 237824 177396 89827 265506 74215
internal_value=0.0037222 0.00475649 0.00229004 -0.000345268 0.00462588 0.00348859
internal_weight=265191 153983 111208 34766.2 152872 76441.5
internal_count=877775 506868 370907 119296 503330 251611
is_linear=0
shrinkage=0.05


Tree=35
num_leaves=7
num_cat=0
split_feature=3 2 4 7 3 3
split_gain=144.939 246.812 64.8526 58.7104 101.244 35.7779
threshold=-1.6063961982727049 0.25280374288558966 0.00058808375615626584 1.0000000180025095e-35 -0.3595388382673263 1.5885910391807558
decision_type=2 2 2 2 2 2
left_child=1 -1 -3 5 -5 -2
right_child=3 2 -4 4 -6 -7
leaf_value=0.029173085279017647 0.0040119207902802488 0.0072646873261748637 0.0017958552176403784 0.0045620140660045947 0.00090094652955594696 0.0017730860189985023
leaf_weight=1182.5372871011496 127555.94024558365 21267.837719932199 7276.3893902897835 27668.884849190712 59474.311393544078 20749.910418733954
leaf_count=3760 418172 69179 23963 91895 202185 68555
internal_value=0.00350884 0.00679863 0.0058707 0.00309346 0.00206341 0.00369869
internal_weight=265176 29726.8 28544.2 235449 87143.2 148306
internal_count=877709 96902 93142 780807 294080 486727
is_linear=0
shrinkage=0.05


Tree=36
num_leaves=7
num_cat=0
split_feature=3 0 1 0 1 8
split_gain=132.101 116.028 134.363 70.7232 301.465 58.4283
threshold=-1.7663838863372801 0.31107263267040258 -0.3317298144102096 0.50938662886619579 -0.66746801137924183 0.40500000119209295
decision_type=2 2 2 2 2 2
left_child=1 -1 -3 5 -5 -2
right_child=3 2 -4 4 -6 -7
leaf_value=0.0042698006060896921 0.0045796401325072207 0.02068988139472951 0.0072831681762168844 -0.006165894934949072 0.0029556437392701017 0.0026756011717131356
leaf_weight=15688.073389396071 76578.176548600197 2716.4135886728764 5991.2417528778315 10432.0110257864 68739.927987501025 85042.57729062438
leaf_count=51248 251807 8833 19376 38799 226457 281189
internal_value=0.00333327 0.00683922 0.0114674 0.00297804 0.00175369 0.00357778
internal_weight=265188 24395.7 8707.66 240793 79171.9 161621
internal_count=877709 79457 28209 798252 265256 532996
is_linear=0
shrinkage=0.05


Tree=37
num_leaves=7
num_cat=0
split_feature=3 2 0 1 1 8
split_gain=119.473 217.974 69.3194 289.305 54.0498 48.0162
threshold=-1.6063961982727049 0.36403863131999975 0.50938662886619579 -0.52803644537925709 -0.75894212722778309 0.40500000119209295
decision_type=2 2 2 2 2 2
left_child=1 4 5 -4 -1 -2
right_child=2 -3 3 -5 -6 -7
leaf_value=0.0020962536716558123 0.0043090314367941846 0.0050997547088509516 -0.0042382588171720973 0.0031725816944113226 0.027263607362153698 0.0025630661939069666
leaf_weight=250.42627914249897 74854.904838696122 28019.697443202138 16816.664174765348 60704.411632806063 1446.1050033569336 83101.948989540339
leaf_count=838 246160 91452 60621 199258 4612 274768
internal_value=0.00316653 0.00615397 0.00278951 0.00156491 0.0235521 0.00339049
internal_weight=265194 29716.2 235478 77521.1 1696.53 157957
internal_count=877709 96902 780807 259879 5450 520928
is_linear=0
shrinkage=0.05


Tree=38
num_leaves=7
num_cat=0
split_feature=6 4 1 0 5 5
split_gain=88.9304 62.5334 50.8088 49.9732 39.9309 22.1308
threshold=1.0000000180025095e-35 0.00095912904362194251 -0.50938662886619557 0.41268247365951544 63.343679428100593 39.695861816406257
decision_type=2 2 2 2 2 2
left_child=4 2 -2 -3 5 -1
right_child=1 3 -4 -5 -6 -7
leaf_value=0.00058274340622045033 0.0020360398987589175 0.00030039708031298363 0.0035627013649126935 -0.010777641989773675 0.032566343564498383 0.015840866016045358
leaf_weight=336.67578075826168 79077.07546594739 8147.5090265572071 175387.1656639576 1162.3601461946964 275.04135462641716 807.59962345659733
leaf_count=1134 267280 27066 574731 3996 866 2636
internal_value=0.00300823 0.00294103 0.00308829 -0.00108373 0.0154862 0.011356
internal_weight=265193 263774 254464 9309.87 1419.32 1144.28
internal_count=877709 873073 842011 31062 4636 3770
is_linear=0
shrinkage=0.05


Tree=39
num_leaves=7
num_cat=0
split_feature=3 0 1 0 1 4
split_gain=108.971 99.3431 382.683 95.603 405.754 54.0383
threshold=-0.90371298789978016 0.69930991530418407 -0.37256073951721186 0.47136868536472326 -0.52803644537925709 0.00058808375615626584
decision_type=2 2 2 2 2 2
left_child=1 5 -3 -2 -5 -1
right_child=3 2 -4 4 -6 -7
leaf_value=0.0045446714037988712 0.0030787727735367846 0.021550033601920877 0.0035559747402593047 -0.0063116361895104132 0.0028426284699272848 0.00073697218803362081
leaf_weight=35180.692365407944 132216.22609521449 3961.893173083663 11616.92395979166 15605.073405921459 53952.186521396041 12675.377470418811
leaf_count=115355 436099 12576 37854 56766 177210 41849
internal_value=0.00285767 0.00466526 0.00813318 0.00228937 0.000788821 0.00353618
internal_weight=265208 63434.9 15578.8 201773 69557.3 47856.1
internal_count=877709 207634 50430 670075 233976 157204
is_linear=0
shrinkage=0.05


Tree=40
num_leaves=7
num_cat=0
split_feature=3 6 4 1 4 5
split_gain=115.07 112.669 84.0527 83.7458 102.781 32.6309
threshold=0.27757105231285101 1.0000000180025095e-35 0.00036197474400978541 -0.39271505177021021 0.00033650892146397387 40.263051986694343
decision_type=2 2 2 2 2 2
left_child=1 5 -3 4 -2 -1
right_child=3 2 -4 -5 -6 -7
leaf_value=0.0043651400429726636 -0.0040501508229090167 0.0048695204933431992 0.0025204417920371498 0.0026318353774890738 0.0015061455606968097 0.024726411075264215
leaf_weight=259.48896884918213 12177.061897695065 72246.110057771206 80530.637029990554 72738.416790232062 26291.721857249737 819.50666040182114
leaf_count=861 42848 237554 265323 239234 88547 2630
internal_value=0.00285941 0.0037451 0.00363131 0.00163401 -0.000252726 0.0198383
internal_weight=265063 153856 152777 111207 38468.8 1079
internal_count=876997 506368 502877 370629 131395 3491
is_linear=0
shrinkage=0.05


Tree=41
num_leaves=7
num_cat=0
split_feature=3 0 1 6 4 3
split_gain=103.845 180.667 438.752 102.298 77.6088 16.6879
threshold=0.27757105231285101 0.39271505177021032 -0.50938662886619557 1.0000000180025095e-35 0.00054603180615231406 -1.2947590351104734
decision_type=2 2 2 2 2 2
left_child=3 -2 -3 5 -5 -1
right_child=1 2 -4 4 -6 -7
leaf_value=0.028465103683434318 0.0030491198682296105 -0.011285370669197796 0.0015790796059675411 0.0040873513895901556 0.001458437501675563 0.014817456327820756
leaf_weight=321.47194895148277 71670.560970887542 8420.7474291622639 31116.148912653327 115717.3947031647 37067.892227515578 753.42688415944576
leaf_count=1091 236534 31537 102558 380512 122365 2400
internal_value=0.0027164 0.0015523 -0.00116107 0.00355777 0.00344955 0.0189217
internal_weight=265068 111207 39536.9 153860 152785 1074.9
internal_count=876997 370629 134095 506368 502877 3491
is_linear=0
shrinkage=0.05


Tree=42
num_leaves=7
num_cat=0
split_feature=3 2 0 7 3 4
split_gain=95.5141 147.968 128.694 340.992 91.2676 65.5697
threshold=-0.5257405936717986 0.194383479654789 0.35222910344600683 1.0000000180025095e-35 -1.7335858345031736 0.00057581448345445107
decision_type=2 2 2 2 2 2
left_child=1 4 -2 -4 -1 -3
right_child=2 5 3 -5 -6 -7
leaf_value=0.029167568681484214 0.0029783312921584427 0.0042985530101758837 0.0022813083732406056 -0.0058262510309923599 0.009453677285623116 0.0010313668303041092
leaf_weight=817.87852595746517 107962.14073625207 66208.536643192172 50549.738053560257 17443.338007584214 2080.5028870254755 19994.99472425878
leaf_count=2702 355821 216698 166135 62969 6748 65924
internal_value=0.00258067 0.00391447 0.00190523 0.000201293 0.0150248 0.00354075
internal_weight=265057 89101.9 175955 67993.1 2898.38 86203.5
internal_count=876997 292072 584925 229104 9450 282622
is_linear=0
shrinkage=0.05


Tree=43
num_leaves=7
num_cat=0
split_feature=3 0 1 6 4 0
split_gain=89.9556 162.258 366.551 95.4803 71.7511 17.0476
threshold=0.32934379577636724 0.39271505177021032 -0.50938662886619557 1.0000000180025095e-35 0.00036197474400978541 0.83743050694465648
decision_type=2 2 2 2 2 2
left_child=3 -2 -3 5 -5 -1
right_child=1 2 -4 4 -6 -7
leaf_value=0.015098626494803627 0.0027724798749944389 -0.010853283548386701 0.0012345857699645954 0.0042347575922486533 0.0020932000168763266 0.031859983609783558
leaf_weight=911.65808676183224 69198.833237662911 7933.7028841376305 29919.984978541732 74296.353269249201 82596.859986558557 182.58760930597782
leaf_count=3018 228324 29857 98642 244412 272183 561
internal_value=0.00245182 0.00133277 -0.00129911 0.00321007 0.00310735 0.017922
internal_weight=265040 107053 37853.7 157987 156893 1094.25
internal_count=876997 356823 128499 520174 516595 3579
is_linear=0
shrinkage=0.05


Tree=44
num_leaves=7
num_cat=0
split_feature=3 2 3 0 6 5
split_gain=85.2887 163.187 52.6517 146.383 64.2043 35.0487
threshold=-2.0460466146469112 0.37465567886829382 0.42089298367500311 0.43245348334312445 1.0000000180025095e-35 77.760295867919936
decision_type=2 2 2 2 2 2
left_child=1 -1 4 -4 -2 -3
right_child=2 5 3 -5 -6 -7
leaf_value=0.026262894855968472 0.015481532679544843 0.0043537463106633392 0.0025711943102781198 -0.0014811068808460893 0.0026072378577430416 0.028247320057854016
leaf_weight=916.55482052266598 973.85975831747055 15959.179964482784 66157.659657731652 33605.133902207017 147262.19713100791 154.00684013962746
leaf_count=3013 3143 51980 218347 114193 485846 475
internal_value=0.00232932 0.00575211 0.00209426 0.00120617 0.00269192 0.00458386
internal_weight=265029 17029.7 247999 99762.8 148236 16113.2
internal_count=876997 55468 821529 332540 488989 52455
is_linear=0
shrinkage=0.05


Tree=45
num_leaves=7
num_cat=0
split_feature=3 0 1 3 0 6
split_gain=114.935 84.8569 63.4132 58.3538 119.721 50.2479
threshold=-1.998176574707031 0.076279435306787505 -0.35222910344600672 0.43462136387825018 0.43245348334312445 1.0000000180025095e-35
decision_type=2 2 2 2 2 2
left_child=1 -1 -3 5 -5 -2
right_child=3 2 -4 4 -6 -7
leaf_value=0.0031660287912303403 0.013867313700066551 0.016562714258537573 0.0068921648563427841 0.0022638089165240901 -0.0014217239559864616 0.0025198111319642731
leaf_weight=10480.30722668767 981.12175500392914 2532.1895692944527 5133.3126682937145 65636.840078189969 33169.399104878306 147382.93785251677
leaf_count=34182 3176 8309 16557 216694 112745 486231
internal_value=0.00224998 0.00609072 0.0100884 0.00196799 0.00102657 0.00259494
internal_weight=265316 18145.8 7665.5 247170 98806.2 148364
internal_count=877894 59048 24866 818846 329439 489407
is_linear=0
shrinkage=0.05


Tree=46
num_leaves=7
num_cat=0
split_feature=3 2 3 2 6 0
split_gain=103.799 147.892 52.6625 109.066 45.4948 34.3335
threshold=-1.998176574707031 0.36403863131999975 0.43462136387825018 0.30186145007610327 1.0000000180025095e-35 0.076279435306787505
decision_type=2 2 2 2 2 2
left_child=1 -1 4 -4 -2 -3
right_child=2 5 3 -5 -6 -7
leaf_value=0.024941153060567114 0.013202072475651703 0.0029204071418066527 -0.0075713561895435827 0.0012980936151331518 0.0023937269049215605 0.0074937806807022726
leaf_weight=953.87717013061047 979.13389474153519 10411.705191537738 3596.0023138672113 95211.457309052348 147388.59576533735 6775.105289876461
leaf_count=3169 3176 33967 12611 316828 486231 21912
internal_value=0.0021375 0.00578798 0.00186956 0.000975225 0.00246514 0.00472358
internal_weight=265316 18140.7 247175 98807.5 148368 17186.8
internal_count=877894 59048 818846 329439 489407 55879
is_linear=0
shrinkage=0.05


Tree=47
num_leaves=7
num_cat=0
split_feature=3 2 3 0 4 0
split_gain=93.7853 134.984 47.5279 106.028 38.517 30.9987
threshold=-1.998176574707031 0.36403863131999975 0.43462136387825018 0.43245348334312445 0.00095912904362194251 0.076279435306787505
decision_type=2 2 2 2 2 2
left_child=1 -1 4 -4 -2 -3
right_child=2 5 3 -5 -6 -7
leaf_value=0.02386785391267178 0.0024899039574366503 0.0027745426002306985 0.0020906494673464814 -0.0013777732848718667 -0.0020413430684459118 0.0071204109006553599
leaf_weight=947.15270552039146 143523.16461101174 10411.185437828302 65642.940625071526 33166.230778768659 4847.5424066931009 6773.9331410229206
leaf_count=3169 473265 33967 216694 112745 16142 21912
internal_value=0.00203068 0.00550147 0.00177605 0.000926438 0.00234185 0.00448789
internal_weight=265312 18132.3 247180 98809.2 148371 17185.1
internal_count=877894 59048 818846 329439 489407 55879
is_linear=0
shrinkage=0.05


Tree=48
num_leaves=7
num_cat=0
split_feature=3 2 4 0 3 8
split_gain=84.7382 123.4 43.0952 47.7232 44.3807 32.1473
threshold=-1.998176574707031 0.21523742377758029 0.00095912904362194251 0.39271505177021032 0.43462136387825018 0.28499999642372137
decision_type=2 2 2 2 2 2
left_child=1 -1 4 -4 -2 -3
right_child=2 5 3 -5 -6 -7
leaf_value=0.027068135968549678 0.0023653411021218262 0.0073194738123033114 -0.00040134590564029534 -0.011739653999990707 0.00097403676415750383 0.0028490063064293865
leaf_weight=623.58277291059494 143527.21707184613 6263.9639527350664 7161.9745138287544 1065.2270675450563 95430.026325136423 11236.284680709243
leaf_count=2162 473265 20218 23786 3681 318114 36668
internal_value=0.00192919 0.00522916 0.00168721 -0.00187064 0.00180972 0.00444947
internal_weight=265308 18123.8 247184 8227.2 238957 17500.2
internal_count=877894 59048 818846 27467 791379 56886
is_linear=0
shrinkage=0.05


Tree=49
num_leaves=7
num_cat=0
split_feature=3 0 1 0 1 4
split_gain=76.5712 65.0341 135.763 40.3919 161.562 41.324
threshold=-1.998176574707031 0.6835516393184663 -0.39271505177021021 0.4904943853616715 -0.71473535895347584 0.00035800017940346157
decision_type=2 2 2 2 2 2
left_child=1 -1 -3 5 -5 -2
right_child=3 2 -4 4 -6 -7
leaf_value=0.0032219691891526656 0.0030982308881810868 0.025737562368856465 0.0053848446635959809 -0.0055241661087402291 0.0014859016432315071 0.0014533890714796037
leaf_weight=13513.753512471914 60261.51678827405 1065.8843055665493 3535.2890328615904 9254.2256351262331 73433.80314321816 104241.02926307917
leaf_count=44061 197750 3568 11419 35014 242191 343891
internal_value=0.00183277 0.00497052 0.0101042 0.00160281 0.000701296 0.00205595
internal_weight=265306 18114.9 4601.17 247191 82688 164503
internal_count=877894 59048 14987 818846 277205 541641
is_linear=0
shrinkage=0.05


end of trees

feature_importances:
Column_3=68
Column_0=65
Column_1=63
Column_2=39
Column_4=27
Column_6=19
Column_5=8
Column_7=7
Column_8=4

parameters:
[boosting: gbdt]
[objective: binary]
[metric: binary_logloss]
[tree_learner: serial]
[device_type: cpu]
[data_sample_strategy: bagging]
[data: ]
[valid: ]
[num_iterations: 50]
[learning_rate: 0.05]
[num_leaves: 7]
[num_threads: -1]
[seed: 42]
[deterministic: 0]
[force_col_wise: 0]
[force_row_wise: 0]
[histogram_pool_size: -1]
[max_depth: 3]
[min_data_in_leaf: 200]
[min_sum_hessian_in_leaf: 0.001]
[bagging_fraction: 0.8]
[pos_bagging_fraction: 1]
[neg_bagging_fraction: 1]
[bagging_freq: 5]
[bagging_seed: 400]
[bagging_by_query: 0]
[feature_fraction: 0.8]
[feature_fraction_bynode: 1]
[feature_fraction_seed: 30056]
[extra_trees: 0]
[extra_seed: 12879]
[early_stopping_round: 0]
[early_stopping_min_delta: 0]
[first_metric_only: 0]
[max_delta_step: 0]
[lambda_l1: 0]
[lambda_l2: 1]
[linear_lambda: 0]
[min_gain_to_split: 0]
[drop_rate: 0.1]
[max_drop: 50]
[skip_drop: 0.5]
[xgboost_dart_mode: 0]
[uniform_drop: 0]
[drop_seed: 17869]
[top_rate: 0.2]
[other_rate: 0.1]
[min_data_per_group: 100]
[max_cat_threshold: 32]
[cat_l2: 10]
[cat_smooth: 10]
[max_cat_to_onehot: 4]
[top_k: 20]
[monotone_constraints: ]
[monotone_constraints_method: basic]
[monotone_penalty: 0]
[feature_contri: ]
[forcedsplits_filename: ]
[refit_decay_rate: 0.9]
[cegb_tradeoff: 1]
[cegb_penalty_split: 0]
[cegb_penalty_feature_lazy: ]
[cegb_penalty_feature_coupled: ]
[path_smooth: 0]
[interaction_constraints: ]
[verbosity: -1]
[saved_feature_importance_type: 0]
[use_quantized_grad: 0]
[num_grad_quant_bins: 4]
[quant_train_renew_leaf: 0]
[stochastic_rounding: 1]
[linear_tree: 0]
[max_bin: 255]
[max_bin_by_feature: ]
[min_data_in_bin: 3]
[bin_construct_sample_cnt: 200000]
[data_random_seed: 175]
[is_enable_sparse: 1]
[enable_bundle: 1]
[use_missing: 1]
[zero_as_missing: 0]
[feature_pre_filter: 1]
[pre_partition: 0]
[two_round: 0]
[header: 0]
[label_column: ]
[weight_column: ]
[group_column: ]
[ignore_column: ]
[categorical_feature: ]
[forcedbins_filename: ]
[precise_float_parser: 0]
[parser_config_file: ]
[objective_seed: 16083]
[num_class: 1]
[is_unbalance: 1]
[scale_pos_weight: 1]
[sigmoid: 1]
[boost_from_average: 1]
[reg_sqrt: 0]
[alpha: 0.9]
[fair_c: 1]
[poisson_max_delta_step: 0.7]
[tweedie_variance_power: 1.5]
[lambdarank_truncation_level: 30]
[lambdarank_norm: 1]
[label_gain: ]
[lambdarank_position_bias_regularization: 0]
[eval_at: ]
[multi_error_top_k: 1]
[auc_mu_weights: ]
[num_machines: 1]
[local_listen_port: 12400]
[time_out: 120]
[machine_list_filename: ]
[machines: ]
[gpu_platform_id: -1]
[gpu_device_id: -1]
[gpu_use_dp: 0]
[num_gpu: 1]

end of parameters

pandas_categorical:null
